,id,height,hashrate,diff,txs,time
0,4,496847,1.1460806993556e+19,1347001430558.57,2302,2017-11-30 11:11:37+00:00
1,13,496848,1.13478455751425e+19,1347001430558.57,2120,2017-11-30 11:25:08+00:00
2,15,496849,1.1442672805275e+19,1347001430558.57,2083,2017-11-30 11:27:30+00:00
3,50,496850,1.10711527148314e+19,1347001430558.57,1954,2017-11-30 12:02:04+00:00
4,55,496851,1.12019143610695e+19,1347001430558.57,2755,2017-11-30 12:07:53+00:00
5,60,496852,1.11709120879456e+19,1347001430558.57,1888,2017-11-30 12:12:04+00:00
6,64,496853,1.12187490012062e+19,1347001430558.57,2469,2017-11-30 12:16:37+00:00
7,70,496854,1.11838688775315e+19,1347001430558.57,2739,2017-11-30 12:22:13+00:00
8,73,496855,1.12124074492336e+19,1347001430558.57,1895,2017-11-30 12:24:51+00:00
9,86,496856,1.14812767817961e+19,1347001430558.57,2585,2017-11-30 12:37:56+00:00
10,93,496857,1.13936593379884e+19,1347001430558.57,2500,2017-11-30 12:45:48+00:00
11,101,496858,1.1380771850786e+19,1347001430558.57,2533,2017-11-30 12:52:49+00:00
12,105,496859,1.13324710985872e+19,1347001430558.57,2251,2017-11-30 12:57:46+00:00
13,110,496860,1.13356166942876e+19,1347001430558.57,1906,2017-11-30 13:02:44+00:00
14,117,496861,1.15176575549819e+19,1347001430558.57,2732,2017-11-30 13:09:25+00:00
15,135,496862,1.13413572784273e+19,1347001430558.57,2633,2017-11-30 13:26:28+00:00
16,147,496863,1.1216392730413e+19,1347001430558.57,2321,2017-11-30 13:39:14+00:00
17,149,496865,1.12369073117467e+19,1347001430558.57,1983,2017-11-30 13:41:19+00:00
18,169,496867,1.13535985550083e+19,1347001430558.57,2460,2017-11-30 14:01:05+00:00
19,192,496868,1.13977745307358e+19,1347001430558.57,2391,2017-11-30 14:24:35+00:00
20,203,496869,1.13677273454553e+19,1347001430558.57,2409,2017-11-30 14:34:50+00:00
21,209,496870,1.13957165628451e+19,1347001430558.57,1355,2017-11-30 14:41:50+00:00
22,216,496871,1.13595432364953e+19,1347001430558.57,2264,2017-11-30 14:48:01+00:00
23,217,496872,1.14182073688636e+19,1347001430558.57,2272,2017-11-30 14:49:27+00:00
24,219,496873,1.13987102164261e+19,1347001430558.57,2487,2017-11-30 14:51:24+00:00
25,242,496874,1.1400394837868e+19,1347001430558.57,2641,2017-11-30 15:13:42+00:00
26,244,496875,1.13748049356366e+19,1347001430558.57,2203,2017-11-30 15:15:59+00:00
27,256,496876,1.14846955242621e+19,1347001430558.57,2008,2017-11-30 15:28:41+00:00
28,259,496877,1.15149830727911e+19,1347001430558.57,1762,2017-11-30 15:30:39+00:00
29,284,496878,1.13586139696937e+19,1347001430558.57,2194,2017-11-30 15:56:26+00:00
30,286,496879,1.15218628236934e+19,1347001430558.57,1233,2017-11-30 15:58:21+00:00
31,288,496880,1.16934167260387e+19,1347001430558.57,1811,2017-11-30 15:59:44+00:00
32,291,496881,1.18399932540017e+19,1347001430558.57,2405,2017-11-30 16:03:15+00:00
33,296,496882,1.18204390111461e+19,1347001430558.57,1705,2017-11-30 16:07:17+00:00
34,320,496883,1.15473511267364e+19,1347001430558.57,2283,2017-11-30 16:32:23+00:00
35,325,496884,1.15554235093483e+19,1347001430558.57,1883,2017-11-30 16:37:31+00:00
36,381,496885,1.10861799090054e+19,1347001430558.57,2171,2017-11-30 17:33:21+00:00
37,416,496886,1.08383396212887e+19,1347001430558.57,2349,2017-11-30 18:07:58+00:00
38,419,496887,1.09446162792497e+19,1347001430558.57,2845,2017-11-30 18:11:11+00:00
39,425,496888,1.09370298602903e+19,1347001430558.57,2167,2017-11-30 18:17:06+00:00
40,433,496889,1.08515535964744e+19,1347001430558.57,2601,2017-11-30 18:25:47+00:00
41,448,496890,1.0725152468549e+19,1347001430558.57,2755,2017-11-30 18:40:38+00:00
42,450,496891,1.07487318961688e+19,1347001430558.57,1724,2017-11-30 18:41:38+00:00
43,478,496892,1.05884033803841e+19,1347001430558.57,2556,2017-11-30 19:10:07+00:00
44,482,496893,1.07099308029811e+19,1347001430558.57,2401,2017-11-30 19:14:22+00:00
45,490,496894,1.07493976069002e+19,1347001430558.57,2724,2017-11-30 19:22:00+00:00
46,502,496895,1.06809311595816e+19,1347001430558.57,2412,2017-11-30 19:34:36+00:00
47,505,496896,1.06955760967747e+19,1347001430558.57,2750,2017-11-30 19:36:58+00:00
48,514,496897,1.07910010638157e+19,1347001430558.57,2808,2017-11-30 19:46:19+00:00
49,515,496898,1.09050758594733e+19,1347001430558.57,2235,2017-11-30 19:47:01+00:00
50,519,496899,1.08644597806239e+19,1347001430558.57,2440,2017-11-30 19:50:59+00:00
51,521,496900,1.08678612489104e+19,1347001430558.57,2840,2017-11-30 19:53:54+00:00
52,526,496901,1.09126179984226e+19,1347001430558.57,2852,2017-11-30 19:58:32+00:00
53,546,496902,1.07482326672289e+19,1347001430558.57,2746,2017-11-30 20:17:12+00:00
54,553,496903,1.06967296495023e+19,1347001430558.57,2612,2017-11-30 20:24:51+00:00
55,554,496904,1.07094351717158e+19,1347001430558.57,2367,2017-11-30 20:26:01+00:00
56,556,496905,1.08722863431469e+19,1347001430558.57,2950,2017-11-30 20:28:23+00:00
57,557,496906,1.09086742157953e+19,1347001430558.57,2375,2017-11-30 20:28:42+00:00
58,559,496907,1.09572260802027e+19,1347001430558.57,2774,2017-11-30 20:31:06+00:00
59,567,496908,1.09721187919469e+19,1347001430558.57,2304,2017-11-30 20:39:38+00:00
60,598,496909,1.07160473627272e+19,1347001430558.57,2735,2017-11-30 21:10:17+00:00
61,607,496910,1.0628604914981e+19,1347001430558.57,2433,2017-11-30 21:19:33+00:00
62,616,496911,1.0544019021637e+19,1347001430558.57,2456,2017-11-30 21:30:54+00:00
63,626,496912,1.04852571201844e+19,1347001430558.57,2530,2017-11-30 21:37:50+00:00
64,636,496913,1.05974545410946e+19,1347001430558.57,2189,2017-11-30 21:48:55+00:00
65,641,496914,1.06372359948771e+19,1347001430558.57,2844,2017-11-30 21:53:18+00:00
66,643,496915,1.06781383727336e+19,1347001430558.57,2320,2017-11-30 21:54:54+00:00
67,647,496916,1.06491470624399e+19,1347001430558.57,1564,2017-11-30 21:59:35+00:00
68,660,496917,1.06107359800952e+19,1347001430558.57,2267,2017-11-30 22:11:41+00:00
69,671,496918,1.05845290427291e+19,1347001430558.57,2990,2017-11-30 22:23:15+00:00
70,677,496919,1.0706132135238e+19,1347001430558.57,2830,2017-11-30 22:29:09+00:00
71,699,496920,1.06027955105783e+19,1347001430558.57,1905,2017-11-30 22:51:14+00:00
72,705,496921,1.06853697660784e+19,1347001430558.57,2550,2017-11-30 22:56:54+00:00
73,724,496922,1.05943818776384e+19,1347001430558.57,2740,2017-11-30 23:16:41+00:00
74,732,496923,1.0559254189354e+19,1347001430558.57,3071,2017-11-30 23:24:15+00:00
75,733,496924,1.06377249657792e+19,1347001430558.57,2558,2017-11-30 23:24:41+00:00
76,738,496926,1.065895697176e+19,1347001430558.57,2924,2017-11-30 23:30:14+00:00
77,739,496927,1.07928463962945e+19,1347001430558.57,2412,2017-11-30 23:31:24+00:00
78,741,496928,1.07977143903454e+19,1347001430558.57,2615,2017-11-30 23:33:21+00:00
79,744,496929,1.09523860106273e+19,1347001430558.57,1281,2017-11-30 23:36:01+00:00
80,746,496930,1.12133129462576e+19,1347001430558.57,2461,2017-11-30 23:38:02+00:00
81,750,496931,1.11737887793994e+19,1347001430558.57,2325,2017-11-30 23:42:12+00:00
82,771,496932,1.10284164579061e+19,1347001430558.57,2632,2017-12-01 00:03:44+00:00
83,773,496933,1.12225573767684e+19,1347001430558.57,2337,2017-12-01 00:05:53+00:00
84,778,496934,1.12602359004403e+19,1347001430558.57,2771,2017-12-01 00:10:15+00:00
85,786,496935,1.11887354258996e+19,1347001430558.57,2857,2017-12-01 00:17:48+00:00
86,791,496936,1.12845785969514e+19,1347001430558.57,2117,2017-12-01 00:23:28+00:00
87,799,496937,1.14082629930432e+19,1347001430558.57,2165,2017-12-01 00:31:30+00:00
88,806,496938,1.17295709340009e+19,1347001430558.57,2453,2017-12-01 00:38:39+00:00
89,807,496939,1.17689412517655e+19,1347001430558.57,2558,2017-12-01 00:39:43+00:00
90,818,496941,1.18065685596008e+19,1347001430558.57,1884,2017-12-01 00:50:35+00:00
91,830,496942,1.1810585628962e+19,1347001430558.57,2495,2017-12-01 01:02:08+00:00
92,843,496943,1.17931312650401e+19,1347001430558.57,2149,2017-12-01 01:15:43+00:00
93,852,496944,1.17555894210956e+19,1347001430558.57,2294,2017-12-01 01:24:09+00:00
94,854,496945,1.17361143511393e+19,1347001430558.57,1349,2017-12-01 01:26:14+00:00
95,864,496946,1.18260769004624e+19,1347001430558.57,2533,2017-12-01 01:35:45+00:00
96,873,496947,1.18111884251458e+19,1347001430558.57,2281,2017-12-01 01:44:44+00:00
97,875,496948,1.18642737788237e+19,1347001430558.57,2150,2017-12-01 01:46:48+00:00
98,895,496949,1.16557232584263e+19,1347001430558.57,2532,2017-12-01 02:07:05+00:00
99,896,496950,1.16621845194296e+19,1347001430558.57,1987,2017-12-01 02:08:24+00:00
100,920,496951,1.14167052202211e+19,1347001430558.57,1824,2017-12-01 02:32:08+00:00
